kinematics:
  shoulder:
    x: 0
    y: 0
    z: 0.1628401287705997
    roll: -0
    pitch: 0
    yaw: -1.6912383011408186e-07
  upper_arm:
    x: 0.00016331478861806136
    y: 0
    z: 0
    roll: 1.5713933574896757
    pitch: 0
    yaw: 5.4961782363312096e-06
  forearm:
    x: -0.42549507250909974
    y: 0
    z: 0
    roll: 0.0014382064292333683
    pitch: -0.00050239087008887553
    yaw: 5.3059520241805156e-06
  wrist_1:
    x: -0.3927695255911679
    y: -0.00073205689776759315
    z: 0.13347557426204287
    roll: 0.0054845207575808779
    pitch: -0.00059479638544920172
    yaw: 2.1666234546574673e-06
  wrist_2:
    x: 1.3425711191297866e-05
    y: -0.099736309039227491
    z: -9.5887690126467988e-05
    roll: 1.5717577385566388
    pitch: 0
    yaw: 5.6582849396451956e-07
  wrist_3:
    x: 7.2276140714795905e-05
    y: 0.099620991824701521
    z: 0.00011636002229766467
    roll: 1.571964353405054
    pitch: 3.1415926535897931
    yaw: 3.1415921973902536
  hash: calib_737753801036373521